6 8 3 4 5 2 7 0 1
6 8 3 4 0 2 7 5 1
6 0 3 4 8 2 7 5 1
6 3 0 4 8 2 7 5 1
6 3 2 4 8 0 7 5 1
6 3 2 4 0 8 7 5 1
6 3 2 0 4 8 7 5 1
6 3 2 7 4 8 0 5 1
6 3 2 7 4 8 5 0 1
6 3 2 7 4 8 5 1 0
6 3 2 7 4 0 5 1 8
6 3 2 7 0 4 5 1 8
6 3 2 0 7 4 5 1 8
0 3 2 6 7 4 5 1 8
3 0 2 6 7 4 5 1 8
3 2 0 6 7 4 5 1 8
3 2 4 6 7 0 5 1 8
3 2 4 6 0 7 5 1 8
3 2 4 6 1 7 5 0 8
3 2 4 6 1 7 0 5 8
3 2 4 0 1 7 6 5 8
0 2 4 3 1 7 6 5 8
2 0 4 3 1 7 6 5 8
2 1 4 3 0 7 6 5 8
2 1 4 3 5 7 6 0 8
2 1 4 3 5 7 0 6 8
2 1 4 0 5 7 3 6 8
0 1 4 2 5 7 3 6 8
1 0 4 2 5 7 3 6 8
1 4 0 2 5 7 3 6 8
1 4 7 2 5 0 3 6 8
1 4 7 2 5 8 3 6 0
